precision = 0.893956
recall = 0.908415
F1 = 0.901128
TPR = 0.908415
FPR = 0.034432
training time = 0.001314s
testing time = 0.000635s
