precision = 0.894142
recall = 0.907432
F1 = 0.900738
TPR = 0.907432
FPR = 0.034327
training time = 0.000417s
testing time = 0.000580s
